Q14 a:
Matrix A:
[[ 0.02870813  0.02392344  0.0430622   0.0430622   0.02392344  0.02870813
   0.02392344  0.02392344  0.05263158  0.02392344  0.02392344  0.03827751
   0.03349282  0.12440191  0.02392344  0.02392344  0.02392344  0.07655502
   0.05263158  0.09569378  0.02392344  0.02870813  0.03349282  0.02392344
   0.03349282  0.02392344]
 [ 0.03597122  0.03597122  0.03597122  0.03597122  0.07194245  0.03597122
   0.03597122  0.03597122  0.04316547  0.03597122  0.03597122  0.04316547
   0.03597122  0.03597122  0.03597122  0.03597122  0.03597122  0.03597122
   0.03597122  0.03597122  0.03597122  0.03597122  0.03597122  0.03597122
   0.05035971  0.03597122]
 [ 0.02994012  0.02994012  0.03592814  0.02994012  0.06586826  0.02994012
   0.02994012  0.07784431  0.04790419  0.02994012  0.02994012  0.02994012
   0.02994012  0.02994012  0.07784431  0.02994012  0.02994012  0.02994012
   0.03592814  0.08383234  0.03592814  0.02994012  0.02994012  0.02994012
   0.02994012  0.02994012]
 [ 0.04945055  0.03846154  0.03296703  0.02747253  0.08241758  0.06043956
   0.03296703  0.02747253  0.06043956  0.03846154  0.02747253  0.02747253
   0.02747253  0.03296703  0.05494505  0.04395604  0.02747253  0.03296703
   0.02747253  0.06593407  0.04395604  0.02747253  0.02747253  0.02747253
   0.02747253  0.02747253]
 [ 0.03515625  0.01953125  0.06640625  0.06640625  0.04296875  0.0234375
   0.0390625   0.02734375  0.03125     0.03125     0.01953125  0.05078125
   0.03515625  0.07421875  0.03515625  0.04296875  0.0234375   0.09375
   0.06640625  0.03515625  0.01953125  0.02734375  0.03125     0.0234375
   0.01953125  0.01953125]
 [ 0.04575163  0.03267974  0.03267974  0.03267974  0.03267974  0.03267974
   0.03921569  0.03267974  0.03921569  0.03267974  0.03267974  0.03267974
   0.03921569  0.03267974  0.05882353  0.03921569  0.03267974  0.03921569
   0.03921569  0.05882353  0.07189542  0.03921569  0.03267974  0.03267974
   0.03267974  0.03267974]
 [ 0.05298013  0.03311258  0.03311258  0.0397351   0.06622517  0.03311258
   0.03311258  0.0397351   0.05298013  0.03311258  0.03311258  0.03311258
   0.03311258  0.03311258  0.03311258  0.03311258  0.03311258  0.04635762
   0.03311258  0.05298013  0.05298013  0.03311258  0.03311258  0.03311258
   0.03311258  0.03311258]
 [ 0.1011236   0.02808989  0.02808989  0.02808989  0.16292135  0.02808989
   0.02808989  0.03370787  0.06179775  0.02808989  0.02808989  0.02808989
   0.02808989  0.02808989  0.02808989  0.02808989  0.02808989  0.03370787
   0.02808989  0.03932584  0.02808989  0.02808989  0.03370787  0.02808989
   0.02808989  0.02808989]
 [ 0.03        0.03        0.05        0.075       0.04        0.025       0.04
   0.025       0.025       0.025       0.025       0.025       0.04        0.095
   0.065       0.025       0.025       0.035       0.05        0.07        0.025
   0.045       0.025       0.025       0.025       0.035     ]
 [ 0.03623188  0.03623188  0.03623188  0.03623188  0.03623188  0.03623188
   0.03623188  0.03623188  0.03623188  0.03623188  0.03623188  0.03623188
   0.03623188  0.03623188  0.03623188  0.03623188  0.03623188  0.04347826
   0.03623188  0.03623188  0.08695652  0.03623188  0.03623188  0.03623188
   0.03623188  0.03623188]
 [ 0.03787879  0.03787879  0.03787879  0.03787879  0.03787879  0.03787879
   0.03787879  0.03787879  0.03787879  0.03787879  0.03787879  0.03787879
   0.03787879  0.03787879  0.03787879  0.04545455  0.03787879  0.03787879
   0.04545455  0.03787879  0.03787879  0.03787879  0.03787879  0.03787879
   0.03787879  0.03787879]
 [ 0.09202454  0.03067485  0.03680982  0.03067485  0.0797546   0.03067485
   0.03067485  0.03067485  0.03067485  0.03067485  0.03067485  0.06134969
   0.03067485  0.03067485  0.04907975  0.03067485  0.03067485  0.03067485
   0.03067485  0.05521472  0.03067485  0.03067485  0.03067485  0.03067485
   0.04294479  0.03067485]
 [ 0.06410256  0.05769231  0.03205128  0.03205128  0.06410256  0.03205128
   0.03205128  0.03205128  0.04487179  0.03846154  0.03205128  0.03205128
   0.05128205  0.03205128  0.05128205  0.03846154  0.03205128  0.03205128
   0.03205128  0.04487179  0.03205128  0.03205128  0.03205128  0.03205128
   0.03205128  0.03205128]
 [ 0.05445545  0.02970297  0.04455446  0.10891089  0.03465347  0.02475248
   0.04950495  0.02475248  0.03465347  0.02970297  0.02970297  0.03960396
   0.02475248  0.02970297  0.03960396  0.02970297  0.02475248  0.02475248
   0.03465347  0.0990099   0.03465347  0.03465347  0.03465347  0.02475248
   0.03465347  0.02475248]
 [ 0.02512563  0.03015075  0.03015075  0.04522613  0.03015075  0.08542714
   0.02512563  0.03015075  0.03015075  0.02512563  0.03015075  0.03015075
   0.04522613  0.11055276  0.03517588  0.03517588  0.02512563  0.06532663
   0.03015075  0.04020101  0.05527638  0.03517588  0.03015075  0.02512563
   0.02512563  0.02512563]
 [ 0.04        0.03333333  0.03333333  0.03333333  0.04666667  0.03333333
   0.03333333  0.03333333  0.04        0.03333333  0.03333333  0.04
   0.03333333  0.03333333  0.05333333  0.03333333  0.03333333  0.08666667
   0.03333333  0.04666667  0.04        0.03333333  0.03333333  0.03333333
   0.04        0.03333333]
 [ 0.03816794  0.03816794  0.03816794  0.03816794  0.03816794  0.03816794
   0.03816794  0.03816794  0.03816794  0.03816794  0.03816794  0.03816794
   0.03816794  0.03816794  0.03816794  0.03816794  0.03816794  0.03816794
   0.03816794  0.03816794  0.04580153  0.03816794  0.03816794  0.03816794
   0.03816794  0.03816794]
 [ 0.06467662  0.02487562  0.03482587  0.02985075  0.09950249  0.02487562
   0.039801    0.02487562  0.06965174  0.02487562  0.02487562  0.02487562
   0.03482587  0.03482587  0.05472637  0.02487562  0.02487562  0.03482587
   0.039801    0.06467662  0.02487562  0.02985075  0.02985075  0.02487562
   0.06467662  0.02487562]
 [ 0.08        0.02857143  0.04        0.02857143  0.06285714  0.02857143
   0.02857143  0.02857143  0.06285714  0.02857143  0.02857143  0.03428571
   0.02857143  0.02857143  0.04        0.03428571  0.02857143  0.04571429
   0.04        0.07428571  0.04        0.02857143  0.04571429  0.02857143
   0.02857143  0.02857143]
 [ 0.0387931   0.02155172  0.02155172  0.02586207  0.08189655  0.02586207
   0.02155172  0.15086207  0.0862069   0.02586207  0.02155172  0.03448276
   0.0387931   0.02155172  0.06896552  0.03017241  0.02155172  0.03017241
   0.04310345  0.03448276  0.02586207  0.02155172  0.02155172  0.02155172
   0.04310345  0.02155172]
 [ 0.03680982  0.03067485  0.04907975  0.04294479  0.03067485  0.03067485
   0.03680982  0.03067485  0.03067485  0.03067485  0.03067485  0.07361963
   0.04294479  0.04294479  0.03680982  0.03680982  0.03067485  0.09202454
   0.03680982  0.04294479  0.03067485  0.03067485  0.03067485  0.03067485
   0.03067485  0.03067485]
 [ 0.04195804  0.03496503  0.03496503  0.03496503  0.09090909  0.03496503
   0.03496503  0.03496503  0.05594406  0.03496503  0.03496503  0.03496503
   0.03496503  0.03496503  0.04195804  0.03496503  0.03496503  0.03496503
   0.03496503  0.03496503  0.03496503  0.03496503  0.03496503  0.03496503
   0.03496503  0.03496503]
 [ 0.05555556  0.03472222  0.03472222  0.03472222  0.04166667  0.03472222
   0.04166667  0.0625      0.04166667  0.03472222  0.03472222  0.03472222
   0.03472222  0.03472222  0.04861111  0.03472222  0.03472222  0.03472222
   0.04861111  0.03472222  0.03472222  0.03472222  0.03472222  0.03472222
   0.03472222  0.03472222]
 [ 0.03816794  0.03816794  0.03816794  0.03816794  0.04580153  0.03816794
   0.03816794  0.03816794  0.03816794  0.03816794  0.03816794  0.03816794
   0.03816794  0.03816794  0.03816794  0.03816794  0.03816794  0.03816794
   0.03816794  0.03816794  0.03816794  0.03816794  0.03816794  0.03816794
   0.03816794  0.03816794]
 [ 0.05263158  0.03289474  0.03947368  0.03289474  0.05263158  0.04605263
   0.03947368  0.03947368  0.03947368  0.03289474  0.03289474  0.03289474
   0.03947368  0.03289474  0.05263158  0.03947368  0.03289474  0.03289474
   0.05263158  0.03947368  0.03289474  0.03289474  0.03947368  0.03289474
   0.03289474  0.03289474]
 [ 0.03787879  0.03787879  0.03787879  0.03787879  0.04545455  0.03787879
   0.03787879  0.03787879  0.04545455  0.03787879  0.03787879  0.03787879
   0.03787879  0.03787879  0.03787879  0.03787879  0.03787879  0.03787879
   0.03787879  0.03787879  0.03787879  0.03787879  0.03787879  0.03787879
   0.03787879  0.03787879]]
####################################################
